1 -0.46792013639416835 -0.067827417977882318 0.75011253682483658 0.46236497426332462 3.9504713902710207 -2.100753036539702 3.2882691879736998 1 001.jpg

2 0.59693915194215075 0.074324794156207991 -0.67544764777658495 -0.42650902565514565 3.4271990408939725 -1.432233223273667 2.3772428956469778 1 007.jpg

3 0.80980268352860185 0.046081243166546833 -0.48498613293463866 -0.32693207802111718 1.4643387687645877 -0.68405357590487859 1.0878170764308186 1 013.jpg

4 0.94777470715794776 0.0205177576608685 -0.24306827591069347 -0.20547491169979659 -1.2980634470507775 -0.74608771269393015 1.3475074578480191 1 019.jpg

5 0.99847528381879547 -0.013076709474386525 0.045196036983509942 0.028869110018905648 -3.4140889846176758 -2.1529147885690785 3.3366976411469413 1 031.jpg

